9.23
9.42
9.37
9.25
9.28
9.29
9.36
9.31
9.18
9.30
9.21
9.37
9.25
9.17
9.73
9.26
9.25
9.32
9.20
9.40
9.25
9.26
9.14
9.21
9.30
9.44
10.1
9.25
9.26
9.55
9.28
9.88
9.22
9.28
9.52
9.48
9.48
9.25
9.38
9.20
9.32
9.57
9.25
9.23
9.28
9.36
9.25
9.50
9.34
9.53
9.51
9.31
9.22
9.31
9.39
9.35
9.36
9.33
9.27
9.66
9.32
9.28
9.25
9.41
9.34
9.46
9.31
9.34
9.75
9.76
9.21
9.81
9.28
9.29
9.25
9.25
9.28
9.31
9.44
9.31
9.28
9.32
9.24
9.56
10.1
9.33
9.26
9.29
9.29
9.24
9.38
9.29
9.42
9.29
9.29
9.84
9.36
9.45
9.75
9.32

