17.1
16.1
16.3
17.2
16.1
16.3
16.1
16.3
16.3
16.3
16.2
16.2
16.5
16.5
16.2
16.2
16.2
16.1
16.1
16.6
16.5
16.2
17.2
16.2
16.2
16.2
16.10
16.3
16.3
16.2
16.3
16.2
16.2
16.5
16.4
16.2
16.3
16.1
16.1
16.1
16.4
16.2
16.4
16.3
16.6
16.2
16.4
16.3
16.1
16.3
16.4
16.4
16.3
16.2
16.1
16.2
16.2
16.1
16.2
16.6
16.3
16.3
16.3
16.3
16.2
16.2
16.2
16.5
16.2
16.2
16.2
16.2
16.2
16.5
16.3
16.3
16.5
16.2
16.1
16.1
16.2
16.2
16.3
16.3
16.1
16.2
16.4
16.3
16.1
16.1
16.1
16.3
16.2
16.2
16.3
16.4
16.2
16.2
16.2
16.3

