72.1
71.9
72.1
72.2
72.6
72.9
72.1
72.1
72.1
72.1
72.2
72.1
72.4
72.3
72.9
72.0
72.1
72.4
72.1
72.3
72.3
72.1
72.0
72.3
72.2
72.0
72.2
72.2
72.4
72.1
72.1
72.6
72.0
72.2
71.10
72.1
72.4
72.1
72.1
72.2
72.2
72.1
72.2
72.0
72.2
72.1
72.1
72.2
72.2
71.10
72.5
72.3
72.4
72.4
72.0
72.9
72.3
72.4
72.10
72.3
72.2
71.10
72.2
71.10
72.1
72.1
72.1
72.2
72.1
71.9
72.1
72.2
72.2
72.1
72.1
72.1
71.10
71.9
72.0
72.10
72.1
72.0
72.2
72.4
72.1
72.1
72.2
72.1
72.2
72.2
72.0
72.0
72.2
72.1
72.2
72.1
72.1
72.9
72.9
72.1

